961674781512589373
961516953623756800
961353148402909224
961158313125503006
961055403968462878
959967502220283904
959671884960628786
959496724945199124
958888672537755658
958630978941755402
961543707411238912
960116809128886333
955096641982046318
954975846429507604
954972022788751371
961727493532958830
961726839741616218
960050295860252743
957494632592330822
956629312306573372
961176286628290561
960253102152355900
958415121791717387
948662223528673350
950584301362217001
942972191564259338
941085260496642098
958983784877924383
952494087972474930
943124711838220298
941310509716742164
961473094290133062
961144714000740352
960823257978769428
960479589090603038
960479487726854164
